0 0.079012 0.0474416 0.04421 0.0729923 0.0524764 0.0454061 0.0727502 0.0542183 0.04421 0.0532974 0.0966832 0.0806974 0.0797649 0.04421 0.04421 0.04421 0.04421 
1 0.0629475 0.0486333 0.0936345 0.0454017 0.0536681 0.0465978 0.0532117 0.05541 0.0454017 0.0544891 0.0677138 0.110328 0.0809565 0.0454017 0.0454017 0.0454017 0.0454017 
2 0.0928421 0.0486069 0.0453753 0.0453753 0.0536417 0.0465714 0.0531853 0.0553836 0.0453753 0.0544627 0.0738705 0.122878 0.0809302 0.0453753 0.0453753 0.0453753 0.0453753 
3 0 0 0 0 0 0.0169975 0 1.20573e-08 0.727014 1.24168e-08 0.254323 0.00129925 0.000366683 0 0 0 0 
4 0.016466 0.0196976 0.0400088 0.016466 0.0247324 0.144116 0.037051 0.0264743 0.281641 0.0255534 0.0476083 0.0529534 0.201368 0.016466 0.016466 0.016466 0.016466 
5 0.0754605 0.0835081 0.0446707 0.0849197 0.052937 0.0458667 0.0524806 0.0546789 0.0446707 0.053758 0.0669828 0.0811581 0.0802255 0.0446707 0.0446707 0.0446707 0.0446707 
6 0.0444134 0.0476451 0.0444134 0.0444134 0.0526798 0.0456095 0.0522234 0.0544217 0.0710959 0.0535008 0.0730941 0.0809009 0.157935 0.0444134 0.0444134 0.0444134 0.0444134 
7 0.0585368 0.0502087 0.0521888 0.0469771 0.0552435 0.0481731 0.054787 0.0569853 0.0469771 0.0560645 0.119954 0.0834645 0.0825319 0.0469771 0.0469771 0.0469771 0.0469771 
8 0.407843 0.0266615 0.0234299 0.0600776 0.0316963 0.024626 0.0312399 0.0334382 0.0234299 0.0325173 0.0924187 0.0599174 0.0589848 0.0234299 0.0234299 0.0234299 0.0234299 
9 0.0491304 0.052362 0.0491304 0.0491304 0.0573968 0.0503265 0.0569404 0.0691294 0.0491304 0.0582178 0.0840177 0.0938815 0.0846852 0.0491304 0.0491304 0.0491304 0.0491304 
10 0.0457747 0.0490063 0.0966845 0.0457747 0.0540411 0.0469708 0.0535847 0.055783 0.0618055 0.0548621 0.0680869 0.0822621 0.097318 0.0457747 0.0457747 0.0507212 0.0457747 
11 0.0688064 0.0506461 0.0581933 0.0474145 0.0556809 0.0486106 0.0552245 0.0574228 0.0474145 0.0565019 0.0861662 0.0839019 0.0829694 0.0538569 0.0474145 0.0474145 0.052361 
12 0.0465617 0.0497933 0.0465617 0.076092 0.0548281 0.0477578 0.0543717 0.0565699 0.063274 0.0556491 0.0889808 0.0830491 0.0821165 0.0547095 0.0465617 0.0465617 0.0465617 
13 0.129643 0.047122 0.0438904 0.0499303 0.0521568 0.0450865 0.0517004 0.0538987 0.0438904 0.0529778 0.0943192 0.0803778 0.0794452 0.0438904 0.0438904 0.0438904 0.0438904 
14 0.0400464 0.043278 0.0503421 0.0400464 0.0483127 0.0412424 0.0478563 0.0500546 0.0948257 0.0491337 0.182541 0.0765338 0.0756012 0.0400464 0.0400464 0.0400464 0.0400464 
15 0.0767339 0.0744194 0.0857583 0.140217 0.046124 0.0390537 0.0456676 0.0478659 0.0378576 0.046945 0.0601698 0.074345 0.0734125 0.0378576 0.0378576 0.0378576 0.0378576 
16 0.155849 0.0445943 0.0413627 0.0467271 0.0496291 0.0425588 0.0491727 0.051371 0.0413627 0.0504501 0.106704 0.0778501 0.0769176 0.0413627 0.0413627 0.0413627 0.0413627 
17 0.0462481 0.098381 0.055617 0.0678056 0.0545145 0.0474442 0.0540581 0.0562564 0.0462481 0.0553355 0.0685603 0.0827356 0.081803 0.0462481 0.0462481 0.0462481 0.0462481 
18 0.0658022 0.0467446 0.043513 0.0484284 0.0517794 0.0527931 0.0559749 0.0535213 0.043513 0.0526004 0.147103 0.0851072 0.0790678 0.043513 0.043513 0.043513 0.043513 
19 0.0420738 0.0453054 0.0870987 0.0420738 0.0559611 0.0432698 0.0582564 0.052082 0.120324 0.0511611 0.0722884 0.0785612 0.0776286 0.0420738 0.0420738 0.0476947 0.0420738 
20 0.0485561 0.0517877 0.0652555 0.0485561 0.0568225 0.0497522 0.0563661 0.0585644 0.0485561 0.0576435 0.0893717 0.0850435 0.0841109 0.0485561 0.0485561 0.0485561 0.0539455 
21 0.0460666 0.0492982 0.0831498 0.0460666 0.054333 0.0472627 0.0538766 0.0560749 0.0460666 0.055154 0.10168 0.082554 0.0941515 0.0460666 0.0460666 0.0460666 0.0460666 
22 0.0713853 0.0511491 0.0625774 0.0479175 0.0561839 0.0491136 0.0690486 0.0579257 0.0479175 0.0570049 0.0702296 0.0844049 0.0834723 0.0479175 0.0479175 0.0479175 0.0479175 
23 0.0438419 0.0470735 0.0438419 0.0775629 0.0521083 0.0514861 0.0516519 0.0538502 0.092135 0.0529293 0.0984252 0.0803293 0.0793968 0.0438419 0.0438419 0.0438419 0.0438419 
24 0.0560091 0.0527735 0.0495419 0.0593899 0.0653273 0.0507379 0.0573518 0.0595501 0.0495419 0.0586292 0.071854 0.0860293 0.0850967 0.0495419 0.0495419 0.0495419 0.0495419 
25 0.0657541 0.0534859 0.0441878 0.131408 0.0524542 0.0453839 0.0519978 0.0541961 0.0441878 0.0532752 0.0665 0.0806752 0.0797427 0.0441878 0.0441878 0.0441878 0.0441878 
26 0.107843 0.0431686 0.144491 0.039937 0.0482034 0.0557905 0.047747 0.0499452 0.039937 0.0490244 0.0622491 0.0764244 0.0754918 0.039937 0.039937 0.039937 0.039937 
27 0.0485662 0.0517978 0.0485662 0.0485662 0.0568326 0.0637747 0.0563762 0.0585745 0.0485662 0.0689713 0.0708784 0.100144 0.0841211 0.0485662 0.0485662 0.0485662 0.0485662 
28 0.103897 0.0485669 0.0386374 0.0386374 0.0469038 0.0398335 0.0464474 0.0486457 0.0386374 0.0705931 0.0609496 0.0751248 0.188576 0.0386374 0.0386374 0.0386374 0.0386374 
29 0.142066 0.0615933 0.0417878 0.0417878 0.0500542 0.0429839 0.0495978 0.0517961 0.0805883 0.0508752 0.0641 0.0782752 0.0773427 0.0417878 0.0417878 0.0417878 0.0417878 
30 0.0449839 0.0482155 0.0676192 0.0449839 0.0532503 0.04618 0.0527939 0.127749 0.0449839 0.0540713 0.0732243 0.0814713 0.0805387 0.0449839 0.0449839 0.0449839 0.0449839 
31 0.0463303 0.0495619 0.0542363 0.0463303 0.0545967 0.0475264 0.0734151 0.0563385 0.0975808 0.0554177 0.0686424 0.0828177 0.0818851 0.0463303 0.0463303 0.0463303 0.0463303 
32 0.0407287 0.0439603 0.0457 0.0407287 0.0489951 0.0535511 0.0485387 0.0507369 0.191507 0.0498161 0.0630408 0.0772161 0.082566 0.0407287 0.0407287 0.0407287 0.0407287 
33 0.10625 0.0480821 0.0448505 0.0448505 0.0531168 0.0460465 0.0526604 0.0548587 0.0559885 0.0741958 0.077955 0.0813379 0.0804053 0.0448505 0.0448505 0.0448505 0.0448505 
34 0.0493021 0.0619702 0.0493021 0.059195 0.0575685 0.0504982 0.0571121 0.0593104 0.0493021 0.0583895 0.0716143 0.0857896 0.084857 0.0578823 0.0493021 0.0493021 0.0493021 
35 0.0472444 0.0632899 0.0472444 0.0585786 0.0555107 0.0484404 0.0550543 0.0572526 0.0659569 0.0563317 0.0695565 0.0837318 0.0827992 0.0472444 0.0472444 0.0672755 0.0472444 
36 0.112855 0.0235485 0.0431142 0.0203169 0.0653398 0.036002 0.0281268 0.0303251 0.0203169 0.0294042 0.0534077 0.14939 0.0765469 0.230326 0.0248776 0.0203169 0.0357858 
37 0.041879 0.0451106 0.0525195 0.041879 0.0501454 0.0430751 0.049689 0.0518873 0.143294 0.0509664 0.0641911 0.0783664 0.103509 0.041879 0.041879 0.0578517 0.041879 
38 0.0801744 0.0511 0.0608136 0.0478684 0.0561348 0.0490645 0.0556784 0.0649086 0.0478684 0.0569558 0.0701805 0.0843558 0.0834232 0.0478684 0.0478684 0.0478684 0.0478684 
39 0.0411564 0.0551313 0.0532545 0.0411564 0.0494227 0.0423524 0.0489663 0.0511646 0.0411564 0.0502438 0.139516 0.0776438 0.14421 0.0411564 0.0411564 0.0411564 0.0411564 
40 0.0487987 0.0520303 0.0487987 0.0487987 0.0570651 0.0499948 0.0566087 0.058807 0.0487987 0.0578861 0.0711108 0.0991188 0.0843535 0.0656854 0.0545474 0.0487987 0.0487987 
41 0.0389556 0.0421872 0.125503 0.0389556 0.047222 0.0401517 0.0467656 0.0489638 0.141478 0.048043 0.0612677 0.075443 0.0892414 0.0389556 0.0389556 0.0389556 0.0389556 
42 0.263319 0.0398011 0.0365695 0.0365695 0.0557943 0.0377656 0.0443795 0.0465778 0.0365695 0.0456569 0.0655383 0.0730569 0.0721244 0.0365695 0.0365695 0.0365695 0.0365695 
43 0.0478377 0.0510693 0.0478377 0.0478377 0.0561041 0.0605311 0.0556477 0.057846 0.0478377 0.0569251 0.0701498 0.0843251 0.10979 0.0478377 0.0478377 0.0627483 0.0478377 
44 0.00114021 0.00437181 0.0180402 0.00114021 0.0094066 0.00233629 0.00895019 0.0111485 0.00114021 0.0102276 0.0471656 0.0376276 0.842744 0.00114021 0.00114021 0.00114021 0.00114021 
45 0.229968 0.0380997 0.053039 0.0948861 0.0431344 0.0360641 0.042678 0.0448763 0.034868 0.0439554 0.0571802 0.0713555 0.0704229 0.034868 0.034868 0.034868 0.034868 
46 1 0 0 0 0 0 0 0 0 0 0 0 0 0 0 0 0 
47 0.0482099 0.0447163 0.0510719 0.0414847 0.0497511 0.0426808 0.0492947 0.051493 0.0800667 0.0505721 0.169708 0.0779721 0.0770395 0.0414847 0.0414847 0.0414847 0.0414847 
48 0.0462197 0.0494513 0.0579301 0.0462197 0.0544861 0.0612692 0.0540297 0.056228 0.0462197 0.0553071 0.115537 0.0904487 0.0817746 0.0462197 0.0462197 0.0462197 0.0462197 
49 0.048213 0.0514446 0.08303 0.048213 0.0564793 0.049409 0.0560229 0.0582212 0.048213 0.0573004 0.0765693 0.0902648 0.0837678 0.048213 0.048213 0.048213 0.048213 
50 0.0660572 0.0326574 0.0436178 0.0505356 0.0376922 0.0306219 0.07599 0.039434 0.0294258 0.0385132 0.306858 0.0659132 0.0649806 0.0294258 0.0294258 0.0294258 0.0294258 
51 0.0566583 0.08321 0.048324 0.048324 0.0565904 0.0540698 0.056134 0.0583322 0.048324 0.0574114 0.0706361 0.0848114 0.0838788 0.048324 0.048324 0.048324 0.048324 
52 0.0474252 0.0506568 0.0710894 0.0474252 0.0556916 0.0486213 0.0552352 0.0574335 0.0696876 0.0565126 0.0697374 0.0839126 0.0829801 0.0474252 0.0474252 0.0613157 0.0474252 
53 0.636865 0.0290864 0.00573452 0.00573452 0.0140009 0.00693061 0.0135445 0.0157428 0.00573452 0.0148219 0.0280467 0.0422219 0.0412894 0.00573452 0.00573452 0.123043 0.00573452 
54 0.0461477 0.0493793 0.0461477 0.0461477 0.0544141 0.0473438 0.0539577 0.056156 0.0560397 0.0552351 0.0797201 0.0826351 0.0956929 0.0461477 0.0461477 0.0925399 0.0461477 
55 0.0707799 0.0424189 0.172677 0.0739666 0.0474537 0.0403834 0.0469973 0.0491956 0.0391873 0.0482747 0.0614994 0.0756747 0.0747421 0.0391873 0.0391873 0.0391873 0.0391873 
56 0.0626336 0.0513531 0.0481215 0.0481215 0.0563879 0.0706023 0.0681148 0.0581298 0.0481215 0.0572089 0.0704337 0.0846089 0.0836764 0.0481215 0.0481215 0.0481215 0.0481215 
57 0.0710473 0.0476485 0.0444169 0.0444169 0.0526833 0.045613 0.0522269 0.0544251 0.107228 0.0535043 0.0882461 0.0809043 0.0799717 0.0444169 0.0444169 0.0444169 0.0444169 
58 0.0322358 0.0354674 0.0523343 0.0322358 0.0405021 0.189323 0.0400457 0.042244 0.0322358 0.0413231 0.0545479 0.0687232 0.209839 0.0322358 0.0322358 0.0322358 0.0322358 
59 0.0605145 0.0527877 0.0495561 0.0572809 0.0578225 0.0507522 0.0573661 0.0595644 0.0495561 0.0586435 0.0767775 0.0860435 0.0851109 0.0495561 0.0495561 0.0495561 0.0495561 
60 0.0479039 0.085356 0.0479039 0.0479039 0.0561703 0.0541311 0.0557139 0.0579122 0.0603322 0.0569913 0.070216 0.0843913 0.0834587 0.0479039 0.0479039 0.0479039 0.0479039 
61 0.109505 0.0448998 0.0416682 0.0554107 0.0499346 0.0428643 0.0494782 0.0516765 0.050621 0.0507556 0.0750305 0.125307 0.0861758 0.0416682 0.0416682 0.0416682 0.0416682 
62 0.474108 0.454468 0 0.0444502 0 0 0 1.2929e-08 0 1.32885e-08 0.00478701 0.00855107 0.0136359 0 0 0 0 
63 0.058982 0.0525147 0.0492831 0.0492831 0.0575495 0.0562082 0.0570931 0.0592914 0.0492831 0.0583705 0.0715952 0.0857705 0.0976433 0.0492831 0.0492831 0.0492831 0.0492831 
64 0.573496 0.0205395 0.0173079 0.0254832 0.0255742 0.0185039 0.0251178 0.0273161 0.0173079 0.0263953 0.0470692 0.0537953 0.0528627 0.0173079 0.0173079 0.0173079 0.0173079 
65 0.0975017 0.0998903 0.0589099 0.0860044 0.0510108 0.0391883 0.0458022 0.0480005 0.0471652 0.0470796 0.0794518 0.0744796 0.073547 0.0379922 0.0379922 0.0379922 0.0379922 
66 0.504378 0.0148988 0.0167936 0.0116672 0.0199336 0.0128633 0.0194772 0.0216755 0.181533 0.0207546 0.0339794 0.0481547 0.0472221 0.0116672 0.0116672 0.0116672 0.0116672 
67 0.040907 0.0375283 0.164816 0.0342967 0.0511433 0.0354928 0.0421067 0.068749 0.0475504 0.0433841 0.106056 0.0707841 0.0774843 0.0600546 0.0342967 0.0342967 0.0510535 
68 0.057085 0.0524949 0.0492633 0.0634769 0.0575297 0.0569935 0.0570733 0.0592716 0.0492633 0.0583507 0.0715755 0.0857507 0.0848182 0.0492633 0.0492633 0.0492633 0.0492633 
69 0.0491314 0.052363 0.0491314 0.0491314 0.0573978 0.0631568 0.0569414 0.0591397 0.0625095 0.0582188 0.0714435 0.0856188 0.0846862 0.0491314 0.0491314 0.0537364 0.0491314 
70 0.0747526 0.0336422 0.0759027 0.043738 0.038677 0.0316067 0.0382206 0.0404189 0.075905 0.039498 0.0582918 0.066898 0.0659654 0.0304106 0.0304106 0.225251 0.0304106 
71 0.0495756 0.0423559 0.0438923 0.048077 0.0473906 0.0575404 0.0469342 0.0491325 0.198666 0.0482116 0.0614364 0.0756117 0.0746791 0.0391242 0.0391242 0.0391242 0.0391242 
72 0.0472068 0.0504384 0.0472068 0.0472068 0.0554731 0.0484028 0.0550167 0.057215 0.052168 0.0562942 0.0974391 0.0836942 0.107691 0.0472068 0.0472068 0.0529269 0.0472068 
73 0.212735 0.0413467 0.0381151 0.052117 0.0463815 0.0600858 0.0459251 0.0481234 0.0381151 0.0472025 0.0691201 0.0746025 0.07367 0.0381151 0.0381151 0.0381151 0.0381151 
74 0.0466002 0.0498318 0.0639534 0.0466002 0.0548666 0.0595779 0.0544102 0.0566085 0.0731226 0.0556876 0.0794648 0.0830876 0.0821551 0.054233 0.0466002 0.0466002 0.0466002 
75 0.317242 0.0313782 0.0453926 0.0784478 0.036413 0.0293427 0.0359566 0.0381549 0.0590581 0.037234 0.0504587 0.064634 0.0637014 0.0281466 0.0281466 0.0281466 0.0281466 
76 0.0392884 0.04252 0.0673132 0.0526966 0.0475548 0.0404845 0.0818399 0.0492967 0.0784915 0.0731669 0.0616006 0.0813116 0.114813 0.0392884 0.0392884 0.0517568 0.0392884 
77 0.139377 0.0331249 0.039645 0.0298933 0.0381597 0.0379515 0.0436717 0.0399016 0.0758213 0.0487249 0.222327 0.0663807 0.0654482 0.0298933 0.0298933 0.0298933 0.0298933 
78 0.0306153 0.0390566 0.0306153 0.0306153 0.0388817 0.0318114 0.0384253 0.0406236 0.329546 0.0397027 0.094373 0.0671027 0.0661702 0.0306153 0.0306153 0.0306153 0.0306153 
79 0.0473536 0.0505852 0.0473536 0.0473536 0.0556199 0.0485496 0.0551635 0.0573618 0.0949156 0.056441 0.0773905 0.083841 0.0886571 0.0473536 0.0473536 0.0473536 0.0473536 
80 0.0541298 0.0484086 0.0553871 0.045177 0.0534434 0.0463731 0.052987 0.0551852 0.045177 0.0542644 0.0674891 0.0816644 0.0855966 0.045177 0.045177 0.119187 0.045177 
81 0.0283945 0.0897515 0.0283945 0.0283945 0.0366609 0.058769 0.0362045 0.0384028 0.0283945 0.0374819 0.210939 0.0648819 0.0639494 0.164197 0.0283945 0.0283945 0.0283945 
82 0.0306252 0.0440273 0.369765 0.0248964 0.0331628 0.0578509 0.0327064 0.0349047 0.0694485 0.0339838 0.0472086 0.0613838 0.0604513 0.0248964 0.0248964 0.0248964 0.0248964 
83 0.0546825 0.0513714 0.0481398 0.0481398 0.0564062 0.0493359 0.0559498 0.058148 0.0543622 0.0572272 0.0704519 0.0846272 0.112883 0.0481398 0.0481398 0.0538559 0.0481398 
84 0.560167 0.351482 0 0.0132537 0 0.00535587 0 0.00126665 0 0.00034577 0.0135705 0.0277458 0.0268132 0 0 0 0 
85 0.220928 0.0371953 0.0339637 0.0405726 0.04223 0.0351597 0.0417736 0.0439719 0.123713 0.043051 0.0562758 0.0757925 0.0695185 0.0339637 0.0339637 0.0339637 0.0339637 
86 0.0491083 0.0523399 0.0491083 0.0547332 0.0573747 0.0648845 0.0569183 0.0591166 0.0491083 0.0581957 0.0714205 0.0855957 0.0846632 0.0601078 0.0491083 0.0491083 0.0491083 
87 0.121714 0.0446681 0.0414365 0.0750515 0.0974363 0.0426326 0.0492465 0.0514448 0.0414365 0.0505239 0.0637486 0.0779239 0.0769913 0.0414365 0.0414365 0.0414365 0.0414365 
88 0.0476003 0.0583397 0.0577389 0.155837 0.0505558 0.0434855 0.0500994 0.0522977 0.0422894 0.0513768 0.0646015 0.0787768 0.0778442 0.0422894 0.0422894 0.0422894 0.0422894 
89 0.0628618 0.0477598 0.0515545 0.0445282 0.0527946 0.066308 0.0523382 0.0545365 0.0720385 0.0536156 0.0972502 0.0810157 0.0852854 0.0445282 0.0445282 0.0445282 0.0445282 
90 0.0443014 0.047533 0.0443014 0.0443014 0.0525677 0.0454974 0.0521113 0.0543096 0.0518465 0.0533887 0.160584 0.0807888 0.0912632 0.0443014 0.0443014 0.0443014 0.0443014 
91 0.0625352 0.0694272 0.0481861 0.0481861 0.0564524 0.0639063 0.055996 0.0581943 0.0481861 0.0572735 0.0704982 0.0846735 0.0837409 0.0481861 0.0481861 0.0481861 0.0481861 
92 0.056619 0.0504391 0.0472075 0.0472075 0.0554739 0.0484036 0.0550175 0.0572158 0.0898233 0.0562949 0.0695196 0.0836949 0.0942537 0.0472075 0.0472075 0.0472075 0.0472075 
93 0.000720599 0.00395221 0.0481471 0.000720599 0.00898699 0.00191668 0.00853058 0.0107289 0.681697 0.00980799 0.148425 0.037208 0.0362754 0.000720599 0.000720599 0.000720599 0.000720599 
94 0.0483463 0.0770835 0.0483463 0.0483463 0.0566127 0.0627684 0.0561563 0.0583545 0.0483463 0.0574337 0.0760861 0.0848337 0.0839011 0.0483463 0.0483463 0.0483463 0.0483463 
95 0.0562554 0.0492472 0.0460156 0.0460156 0.0542819 0.0585138 0.0538255 0.0560238 0.0563361 0.0551029 0.0683277 0.082503 0.133489 0.0460156 0.0460156 0.0460156 0.0460156 
96 0.0556804 0.0521216 0.0628887 0.04889 0.0571564 0.0500861 0.0567 0.0588983 0.04889 0.0579774 0.0853287 0.0853774 0.0844449 0.04889 0.04889 0.04889 0.04889 
97 0.05241 0.0507308 0.0474992 0.0474992 0.0557656 0.0761153 0.0553092 0.0575075 0.0474992 0.0565866 0.0698114 0.0839866 0.0830541 0.0474992 0.0474992 0.0737275 0.0474992 
98 0.0486358 0.0518674 0.0556516 0.0486358 0.0569022 0.0498319 0.0564458 0.0586441 0.0719012 0.0577232 0.0709479 0.0851232 0.0841906 0.057592 0.0486358 0.0486358 0.0486358 
99 0.0487326 0.0762623 0.0487326 0.0487326 0.056999 0.0499287 0.0565426 0.0587408 0.0487326 0.05782 0.0710447 0.0900765 0.0842874 0.0487326 0.0487326 0.05717 0.0487326 
100 0.243891 0.0446242 0.0368011 0.042157 0.0450675 0.0379972 0.0446111 0.0468094 0.0368011 0.0458885 0.0732962 0.0732885 0.0815627 0.0368011 0.0368011 0.0368011 0.0368011 
101 0.0550039 0.0647866 0.0494594 0.0494594 0.0577258 0.0506555 0.0572694 0.0594676 0.0494594 0.0585468 0.0717715 0.0935432 0.0850142 0.0494594 0.0494594 0.0494594 0.0494594 
102 0.0659821 0.0417894 0.0385578 0.0385578 0.0468242 0.0397539 0.0463678 0.0485661 0.164489 0.0476452 0.113506 0.0796163 0.0741127 0.0385578 0.0385578 0.0385578 0.0385578 
103 0.125371 0.0453526 0.050348 0.0479461 0.0503874 0.0756008 0.049931 0.0521292 0.042121 0.0512084 0.0644331 0.0927676 0.0776758 0.0483647 0.042121 0.042121 0.042121 
104 0.0618762 0.0521447 0.0489131 0.0489131 0.0571795 0.0501092 0.0612797 0.0589214 0.0489131 0.0580005 0.0712253 0.0854006 0.084468 0.0489131 0.0659161 0.0489131 0.0489131 
105 0.0618762 0.0521447 0.0489131 0.0489131 0.0571795 0.0501092 0.0612797 0.0589214 0.0489131 0.0580005 0.0712253 0.0854006 0.084468 0.0489131 0.0659161 0.0489131 0.0489131 
106 0.12889 0.03927 0.102182 0.0360384 0.0443048 0.0423483 0.0438483 0.0460466 0.0360384 0.0451258 0.0583505 0.0725258 0.160877 0.0360384 0.0360384 0.0360384 0.0360384 
107 0.0288469 0.0563107 0.0288469 0.367688 0.0371133 0.030043 0.0366569 0.0388552 0.0288469 0.0379343 0.0511591 0.0653343 0.076977 0.0288469 0.0288469 0.0288469 0.0288469 
108 0.0390313 0.0178006 0.00938974 0.00938974 0.0176561 0.0105858 0.0171997 0.019398 0.296934 0.0184771 0.415757 0.0458772 0.0449446 0.00938974 0.00938974 0.00938974 0.00938974 
109 0.0565016 0.0556939 0.0378782 0.226787 0.0461446 0.0390743 0.0456882 0.0478865 0.0378782 0.0469656 0.0601904 0.0743657 0.0734331 0.0378782 0.0378782 0.0378782 0.0378782 
110 0.169734 0.0373176 0.034086 0.0394414 0.0423524 0.0491518 0.041896 0.0440943 0.034086 0.0431734 0.188108 0.0705734 0.0696409 0.034086 0.034086 0.034086 0.034086 
111 0.0116382 0.0148698 0.0687382 0.0116382 0.0199046 0.0128343 0.0194482 0.0216465 0.0253069 0.0207256 0.117386 0.0481257 0.53221 0.0116382 0.0172672 0.0349832 0.0116382 
112 0.0521435 0.0760777 0.0476374 0.0476374 0.0559038 0.0488334 0.0554473 0.0576456 0.06397 0.0567248 0.0699495 0.0841248 0.0831922 0.0476374 0.0476374 0.0578006 0.0476374 
113 0.0466767 0.0499083 0.0567322 0.0466767 0.0549431 0.0478728 0.0544866 0.0566849 0.0466767 0.0557641 0.0689888 0.10117 0.0822315 0.0466767 0.0911575 0.0466767 0.0466767 
114 0.0403164 0.043548 0.0403164 0.0403164 0.0485828 0.0415125 0.054905 0.0503246 0.207918 0.0494038 0.0626285 0.0768038 0.0821588 0.0403164 0.0403164 0.0403164 0.0403164 
115 0.104113 0.046783 0.0655268 0.0435514 0.0518177 0.0447474 0.0513613 0.0535596 0.0866868 0.0526387 0.0658635 0.0800388 0.0791062 0.0435514 0.0435514 0.0435514 0.0435514 
116 0.0805967 0.0699244 0.0425066 0.0965664 0.0561623 0.0512467 0.0503165 0.0525148 0.0485875 0.0515939 0.0648187 0.078994 0.0780614 0.0425066 0.0425066 0.0505906 0.0425066 
117 0.0452921 0.0485237 0.0452921 0.0452921 0.0535585 0.0464881 0.0850429 0.0553003 0.0452921 0.0543795 0.0676042 0.0817795 0.113521 0.0452921 0.0452921 0.0767583 0.0452921 
118 0.0585228 0.073847 0.0426347 0.115964 0.0509011 0.0438308 0.0504447 0.052643 0.0426347 0.0517221 0.0823943 0.0791221 0.0847998 0.0426347 0.0426347 0.0426347 0.0426347 
119 0.049168 0.0459324 0.0427008 0.0427008 0.0509672 0.0438969 0.0505108 0.0527091 0.0427008 0.0517882 0.109495 0.168372 0.0782556 0.0427008 0.0427008 0.0427008 0.0427008 
120 0.0438638 0.0470954 0.0546425 0.0438638 0.0837658 0.0450599 0.0516738 0.053872 0.0438638 0.0529512 0.119512 0.0803512 0.0794186 0.0684752 0.0438638 0.0438638 0.0438638 
121 0.0536967 0.0571079 0.0490259 0.0490259 0.0572923 0.050222 0.0568359 0.0590342 0.0490259 0.0581133 0.0944228 0.0855133 0.0845807 0.0490259 0.0490259 0.0490259 0.0490259 
122 0.546342 0.018327 0.0366528 0.0542632 0.0233617 0.0162914 0.0229053 0.0251036 0.0150954 0.0241827 0.0374075 0.0690357 0.0506502 0.0150954 0.0150954 0.0150954 0.0150954 
123 0.0922435 0.0351667 0.0319351 0.0389534 0.0402014 0.288954 0.039745 0.0419433 0.0319351 0.0410224 0.0542472 0.0684225 0.0674899 0.0319351 0.0319351 0.0319351 0.0319351 
124 0.0408677 0.0440993 0.0408677 0.0408677 0.0491341 0.0560762 0.0486777 0.050876 0.18758 0.0499551 0.0687725 0.0773552 0.0764226 0.0408677 0.0408677 0.0458454 0.0408677 
125 0.04755 0.0507816 0.0702957 0.04755 0.0558164 0.0487461 0.05536 0.0575583 0.0555961 0.0566374 0.0778201 0.0840374 0.0831048 0.04755 0.04755 0.0664962 0.04755 
126 0.578907 0.00237504 0 0 0.00183118 0 0.00137478 0.00357306 0 0.00265218 0.350115 0.0300522 0.0291196 0 0 0 0 
127 0.0531279 0.0624675 0.0459421 0.0459421 0.0542085 0.0471382 0.0537521 0.0559503 0.110493 0.0550295 0.0682542 0.0824295 0.0814969 0.0459421 0.0459421 0.0459421 0.0459421 
128 0.0479428 0.0511744 0.0656301 0.0479428 0.0562092 0.0734429 0.0557527 0.057951 0.0479428 0.0570302 0.0702549 0.0844302 0.0834976 0.0479428 0.0479428 0.0569704 0.0479428 
129 0.04694 0.0958108 0.04694 0.04694 0.0552064 0.0547463 0.0705666 0.0569483 0.04694 0.0560274 0.0692521 0.0834274 0.0824948 0.04694 0.04694 0.04694 0.04694 
130 0.0477832 0.0632307 0.0657477 0.0477832 0.0560496 0.0489793 0.0555932 0.0577915 0.0477832 0.0568706 0.0936467 0.0842706 0.083338 0.0477832 0.0477832 0.0477832 0.0477832 
131 0.00076363 0.00399524 0.815066 0.00076363 0.00903002 0.00195972 0.00857361 0.0107719 0.00076363 0.00985102 0.0502838 0.037251 0.0478723 0.00076363 0.00076363 0.00076363 0.00076363 
132 0.0466666 0.0869491 0.0466666 0.0594187 0.054933 0.0478627 0.0544766 0.0566749 0.0466666 0.055754 0.0689788 0.083154 0.0822215 0.0466666 0.0466666 0.0695772 0.0466666 
133 0.150678 0.0423829 0.0391513 0.0391513 0.0679679 0.0403474 0.0469613 0.0491596 0.0391513 0.0482387 0.109527 0.0959716 0.0747061 0.0391513 0.0391513 0.0391513 0.0391513 
134 0.102747 0.0490306 0.045799 0.045799 0.0540654 0.0469951 0.0536089 0.0558072 0.0504393 0.0548864 0.0681111 0.0822864 0.086749 0.045799 0.045799 0.0662786 0.045799 
135 0.0381616 0.0294035 0.0578134 0.0261719 0.0344383 0.027368 0.158307 0.0361802 0.0261719 0.0352593 0.0484841 0.0626593 0.0963578 0.0261719 0.0261719 0.244708 0.0261719 
136 0.0455546 0.0487862 0.0535923 0.0455546 0.053821 0.0564948 0.0533646 0.0555628 0.0618993 0.0596802 0.12032 0.082042 0.0811094 0.0455546 0.0455546 0.0455546 0.0455546 
137 0.127793 0.0469769 0.0437453 0.0505673 0.0520117 0.0604315 0.0515553 0.0537536 0.0597614 0.0528327 0.0660575 0.0802327 0.0793002 0.0437453 0.0437453 0.0437453 0.0437453 
138 0.0551538 0.0481976 0.044966 0.044966 0.0532324 0.0461621 0.052776 0.0549743 0.044966 0.0540534 0.0672782 0.0814534 0.147006 0.044966 0.044966 0.0699165 0.044966 
139 0.0526804 0.0489717 0.0457401 0.0457401 0.0540065 0.0469362 0.0535501 0.0557483 0.055457 0.0548275 0.13986 0.0822275 0.0812949 0.0457401 0.0457401 0.0457401 0.0457401 
140 0.0473078 0.0505394 0.0552103 0.0473078 0.0555742 0.0485039 0.0551178 0.057316 0.0853059 0.0563952 0.0696199 0.0837952 0.0914428 0.0546407 0.0473078 0.0473078 0.0473078 
141 0.131544 0.0429048 0.0396732 0.0396732 0.0479396 0.0408693 0.0562867 0.0496814 0.125641 0.0487606 0.0619853 0.0811202 0.075228 0.0396732 0.0396732 0.0396732 0.0396732 
142 0.029766 0.0329976 0.029766 0.029766 0.0380324 0.0370004 0.0606963 0.0397742 0.029766 0.0388534 0.0595187 0.0662534 0.0653208 0.029766 0.029766 0.337 0.0459573 
143 0.0579813 0.0587282 0.0393037 0.137914 0.0475701 0.104903 0.0471137 0.0493119 0.0393037 0.0483911 0.0616158 0.0757911 0.0748585 0.0393037 0.0393037 0.0393037 0.0393037 
144 0.00400456 0.00723617 0.0719106 0.00400456 0.0122709 0.00520065 0.0118145 0.0140128 0.270063 0.0225795 0.474993 0.040492 0.0453987 0.00400456 0.00400456 0.00400456 0.00400456 
145 0.0494609 0.0526925 0.0552499 0.0494609 0.0577273 0.050657 0.0572709 0.0594692 0.0494609 0.0585483 0.0717731 0.0859483 0.0988681 0.0494609 0.0494609 0.0550299 0.0494609 
146 0.135323 0.0926739 0.041495 0.0603506 0.0497614 0.0426911 0.049305 0.0515032 0.041495 0.0505824 0.0638071 0.0779824 0.0770498 0.041495 0.041495 0.041495 0.041495 
147 0.047922 0.0511536 0.0570434 0.047922 0.0737214 0.049118 0.0557319 0.0579302 0.047922 0.0570094 0.0949522 0.0844094 0.0834768 0.047922 0.047922 0.047922 0.047922 
148 0.0489677 0.0706571 0.0489677 0.0489677 0.0572341 0.0587436 0.0567777 0.058976 0.0489677 0.0580551 0.0712799 0.0854551 0.0845226 0.0555247 0.0489677 0.0489677 0.0489677 
149 0.0681422 0.0507849 0.0475533 0.0475533 0.0558197 0.0487494 0.0553633 0.0575616 0.0574338 0.0566407 0.0698655 0.0840407 0.0955037 0.0475533 0.0475533 0.0623277 0.0475533 
150 0.0664222 0.0502942 0.0470626 0.0470626 0.055329 0.0482587 0.0548726 0.0570709 0.0470626 0.05615 0.0693748 0.08355 0.122054 0.0470626 0.0470626 0.0542484 0.0470626 
151 0.053067 0.0474357 0.0914431 0.0442041 0.0646545 0.0454002 0.0520141 0.0542124 0.0442041 0.0532915 0.112806 0.0806915 0.079759 0.0442041 0.0442041 0.0442041 0.0442041 
152 0.153558 0.0587355 0.0387593 0.0731364 0.0487033 0.0351694 0.0487687 0.0439815 0.0538767 0.0430607 0.0753889 0.0814191 0.100006 0.0339733 0.0339733 0.0435167 0.0339733 
153 0.048463 0.0516946 0.048463 0.048463 0.0567294 0.0610031 0.0639711 0.0584713 0.048463 0.0575504 0.0707751 0.0849504 0.0840178 0.048463 0.048463 0.0597807 0.0602783 
154 0.0717071 0.0560106 0.0596429 0.054678 0.0560527 0.0489824 0.0555963 0.0577946 0.0477863 0.0568737 0.0700985 0.0842737 0.0833412 0.0477863 0.0477863 0.0538031 0.0477863 
155 0.036017 0.0392486 0.151528 0.036017 0.0442834 0.0372131 0.043827 0.0460252 0.036017 0.0451044 0.160735 0.0725044 0.107412 0.036017 0.036017 0.036017 0.036017 
156 0.297644 0.0123717 0.0091401 0.0091401 0.109947 0.0103362 0.0169501 0.0191484 0.0400392 0.0182275 0.321203 0.0456275 0.0446949 0.0091401 0.0091401 0.0181105 0.0091401 
157 0.297644 0.0123717 0.0091401 0.0091401 0.109947 0.0103362 0.0169501 0.0191484 0.0400392 0.0182275 0.321203 0.0456275 0.0446949 0.0091401 0.0091401 0.0181105 0.0091401 
158 0.104755 0.050087 0.0468554 0.0468554 0.0551218 0.0480515 0.0546654 0.0568637 0.051912 0.0559428 0.0757147 0.0833429 0.0824103 0.0468554 0.0468554 0.0468554 0.0468554 
159 0.040156 0.0433876 0.0931212 0.152221 0.0484223 0.041352 0.0663299 0.0501642 0.040156 0.0492433 0.0624681 0.0766434 0.0757108 0.040156 0.040156 0.040156 0.040156 
160 0.065763 0.0516311 0.0483995 0.0598724 0.0566659 0.0640133 0.0562095 0.0584078 0.0483995 0.0574869 0.0707117 0.0848869 0.0839544 0.0483995 0.0483995 0.0483995 0.0483995 
161 0.065763 0.0516311 0.0483995 0.0598724 0.0566659 0.0640133 0.0562095 0.0584078 0.0483995 0.0574869 0.0707117 0.0848869 0.0839544 0.0483995 0.0483995 0.0483995 0.0483995 
162 0.0453879 0.0486195 0.0453879 0.0523101 0.0536543 0.127718 0.0531979 0.0553962 0.0453879 0.0544753 0.0740957 0.0818753 0.0809427 0.0453879 0.0453879 0.0453879 0.0453879 
163 0.0489559 0.0521875 0.0489559 0.0489559 0.0572223 0.0556193 0.0656623 0.0589642 0.0489559 0.0580433 0.071268 0.0854433 0.0845107 0.0489559 0.0489559 0.0683878 0.0489559 
164 0.0690079 0.0390685 0.119618 0.0358369 0.0441033 0.0503268 0.0639996 0.0458452 0.0694926 0.0449243 0.0581491 0.0723243 0.123358 0.0358369 0.0358369 0.0564343 0.0358369 
165 0.0548493 0.0628479 0.0374195 0.0426878 0.0532217 0.0386156 0.0452295 0.0474277 0.0374195 0.0465069 0.115768 0.0739069 0.0729743 0.0374195 0.0374195 0.158867 0.0374195 
166 0.0543404 0.0484506 0.0545768 0.0497951 0.0534854 0.0464151 0.053029 0.0552273 0.045219 0.0543064 0.102525 0.0817064 0.0807739 0.0844921 0.045219 0.045219 0.045219 
167 0.184877 0.0429478 0.0492628 0.0536651 0.0479825 0.0631265 0.0475261 0.0497244 0.0397162 0.0488036 0.0620283 0.0762036 0.075271 0.0397162 0.0397162 0.0397162 0.0397162 
168 0.0137243 0.0279143 0.0137243 0.0137243 0.0219907 0.0149204 0.0271033 0.0237326 0.0137243 0.0228117 0.652242 0.0502117 0.0492791 0.0137243 0.0137243 0.0137243 0.0137243 
169 0.158284 0.0381379 0.0349063 0.0846585 0.0431727 0.0361024 0.0427163 0.0449146 0.111285 0.0439937 0.0621931 0.0713938 0.0704612 0.0349063 0.0349063 0.0530607 0.0349063 
170 0.0455303 0.12243 0.0404451 0.0404451 0.0487114 0.0416411 0.048255 0.0504533 0.0404451 0.0495324 0.0816152 0.0850829 0.0933026 0.0404451 0.0404451 0.0830211 0.0481997 
171 0.0532225 0.0481904 0.0449588 0.0449588 0.0532252 0.0461549 0.0527688 0.0549671 0.101169 0.0540462 0.0672709 0.118719 0.0805136 0.0449588 0.0449588 0.0449588 0.0449588 
172 0.0555066 0.0633217 0.0493114 0.0600901 0.0575778 0.0505075 0.0571214 0.0593196 0.0493114 0.0583988 0.0716235 0.0857988 0.0848662 0.0493114 0.0493114 0.0493114 0.0493114 
173 0.101183 0.0261521 0.0417703 0.0229205 0.0311869 0.0241166 0.0307305 0.0329288 0.0229205 0.0320079 0.424518 0.0594079 0.0584754 0.0229205 0.0229205 0.0229205 0.0229205 
174 0.0490919 0.0523235 0.0490919 0.0490919 0.0573583 0.050288 0.0703311 0.0591001 0.0490919 0.0581793 0.0803568 0.0855793 0.0846467 0.0581939 0.0490919 0.0490919 0.0490919 
175 0.0793073 0.0495253 0.0462937 0.0462937 0.0545601 0.0474898 0.0678066 0.056302 0.0786299 0.0553811 0.0686059 0.0827811 0.0818486 0.0462937 0.0462937 0.0462937 0.0462937 
176 0.0603783 0.0520097 0.0487781 0.0569293 0.0570445 0.0499742 0.0565881 0.0587864 0.0658445 0.0578655 0.0710903 0.0852655 0.084333 0.0487781 0.0487781 0.0487781 0.0487781 
177 0.0477869 0.0510185 0.0477869 0.0477869 0.0560533 0.0737741 0.0555969 0.0685288 0.0477869 0.0568743 0.0882432 0.0842743 0.0833417 0.0477869 0.0477869 0.0477869 0.0477869 
178 0.0518204 0.0753903 0.0482132 0.0430445 0.0513109 0.0564565 0.0508545 0.0530528 0.0430445 0.0521319 0.0653567 0.136809 0.0785994 0.0430445 0.0430445 0.0647816 0.0430445 
179 0.0527266 0.0468031 0.0435715 0.153134 0.0584509 0.0447676 0.0513815 0.0535797 0.0435715 0.0526589 0.0658836 0.0800589 0.0791263 0.0435715 0.0435715 0.0435715 0.0435715 
180 0.10795 0.0460113 0.0427797 0.0957762 0.0510461 0.0439758 0.0505897 0.052788 0.0427797 0.0518671 0.0650918 0.0792671 0.0783345 0.0634037 0.0427797 0.0427797 0.0427797 
181 0.0659779 0.0463956 0.043164 0.043164 0.0514303 0.074641 0.0509739 0.0586064 0.0966216 0.0522513 0.0654761 0.0796514 0.0787188 0.0634359 0.043164 0.043164 0.043164 
182 0.052901 0.0511564 0.0642725 0.0479248 0.0561912 0.0491209 0.0557348 0.057933 0.0779256 0.0570122 0.0702369 0.0844122 0.0834796 0.0479248 0.0479248 0.0479248 0.0479248 
183 0.0894767 0.0641439 0.0448922 0.0779117 0.0531586 0.0460883 0.0527022 0.0549005 0.0448922 0.0539796 0.0672044 0.0813796 0.0804471 0.0448922 0.0448922 0.0541463 0.0448922 
184 0.0541219 0.0526828 0.0574733 0.0494511 0.0577175 0.0506472 0.0572611 0.0594594 0.0621346 0.0585385 0.0717633 0.0859386 0.085006 0.0494511 0.0494511 0.0494511 0.0494511 
185 0.0146029 0.0178345 0.0198126 0.0146029 0.0228693 0.015799 0.0224129 0.0246112 0.620617 0.0236903 0.036915 0.0510903 0.056731 0.0146029 0.0146029 0.0146029 0.0146029 
186 0 0 0.875633 0 0 0 0 1.10451e-08 0.107668 1.14046e-08 0 0.00881587 0.0078833 0 0 0 0 
187 0.0441167 0.0473483 0.0729883 0.0764174 0.0523831 0.0453128 0.0972955 0.0541249 0.0536379 0.0532041 0.0664288 0.0806041 0.0796715 0.0441167 0.0441167 0.0441167 0.0441167 
188 0.1288 0.0430047 0.102667 0.0397731 0.0480395 0.0409692 0.0475831 0.0497813 0.0397731 0.0488605 0.100069 0.0762605 0.0753279 0.0397731 0.0397731 0.0397731 0.0397731 
189 0.0484525 0.071255 0.0484525 0.0484525 0.0567189 0.0659381 0.0562625 0.0584607 0.0484525 0.0575399 0.0707646 0.0849399 0.0840073 0.0484525 0.0484525 0.0549458 0.0484525 
190 0.0821347 0.0491428 0.0459112 0.0737516 0.0541776 0.0616169 0.0537212 0.0559195 0.0528932 0.0549986 0.0682233 0.0823986 0.081466 0.0459112 0.0459112 0.0459112 0.0459112 
191 0.0341436 0.0373752 0.0341436 0.0640523 0.04241 0.127107 0.0617511 0.0441519 0.0505188 0.043231 0.0564558 0.070631 0.0696985 0.0341436 0.0341436 0.161899 0.0341436 
192 0.062606 0.0467972 0.0628637 0.048587 0.051832 0.0447617 0.0612014 0.0535738 0.109615 0.052653 0.0658777 0.080053 0.0791204 0.0435656 0.0435656 0.0497612 0.0435656 
193 0.116768 0.0611958 0.0433562 0.0642066 0.0516226 0.0445523 0.0511662 0.0533644 0.0433562 0.0673542 0.0656683 0.0798436 0.078911 0.0433562 0.0433562 0.0485659 0.0433562 
194 2.07721e-05 0.00325238 0.169596 2.07721e-05 0.00828716 0.00121686 0.00783076 0.010029 0.323742 0.00910816 0.394729 0.0365082 0.0355756 2.07721e-05 2.07721e-05 2.07721e-05 2.07721e-05 
195 0.112286 0.0491457 0.0459141 0.0459141 0.0541805 0.0471102 0.0537241 0.0559224 0.0459141 0.0550015 0.0765822 0.0824015 0.0922477 0.0459141 0.0459141 0.0459141 0.0459141 
196 0.0538185 0.0344525 0.0534335 0.22154 0.0394873 0.132578 0.0390309 0.0412292 0.0312209 0.0403083 0.0535331 0.0677083 0.0667758 0.0312209 0.0312209 0.0312209 0.0312209 
197 0.135195 0.0321171 0.0843426 0.0288855 0.0371519 0.235824 0.0366955 0.0388938 0.0288855 0.0379729 0.0511977 0.065373 0.0719225 0.0288855 0.0288855 0.0288855 0.0288855 
198 0.0471707 0.0583888 0.0471707 0.0637563 0.0554371 0.0483668 0.0549807 0.057179 0.0471707 0.0562581 0.0694829 0.0836581 0.0827256 0.0471707 0.0471707 0.0867424 0.0471707 
199 0.0524143 0.0502718 0.0470402 0.0470402 0.0553066 0.0539607 0.0548502 0.0570485 0.0470402 0.0561276 0.10504 0.103104 0.0825951 0.0470402 0.0470402 0.0470402 0.0470402 
200 0.0530546 0.0500841 0.0468525 0.0690211 0.0551189 0.0480486 0.0546625 0.0568608 0.0468525 0.0559399 0.110347 0.0833399 0.0824074 0.0468525 0.0468525 0.0468525 0.0468525 
201 0 0 0 0 0 0.211291 0 4.2859e-09 0.51039 4.64543e-09 0.278319 0 0 0 0 0 0 
202 0.0901216 0.049879 0.0466474 0.058429 0.0549137 0.0656284 0.0544573 0.0566556 0.0466474 0.0557348 0.0689595 0.0831348 0.0822022 0.0466474 0.0466474 0.0466474 0.0466474 
203 0.0655859 0.0518593 0.0486277 0.0562316 0.0568941 0.0498238 0.0564377 0.058636 0.0486277 0.0577151 0.0709399 0.0851151 0.0989953 0.0486277 0.0486277 0.0486277 0.0486277 
204 0.0619782 0.0450255 0.0417939 0.0567329 0.0500603 0.04299 0.0496039 0.0518021 0.11025 0.0508813 0.064106 0.130252 0.0773487 0.0417939 0.0417939 0.0417939 0.0417939 
205 0.0490925 0.0699653 0.0490925 0.0490925 0.0573589 0.0549593 0.0569025 0.0591007 0.0582544 0.0581799 0.0714046 0.0855799 0.0846473 0.0490925 0.0490925 0.0490925 0.0490925 
206 0.156888 0.045446 0.0422144 0.0504581 0.0504808 0.0434105 0.0500244 0.0522227 0.0422144 0.0513018 0.0645266 0.104185 0.0777693 0.0422144 0.0422144 0.0422144 0.0422144 
207 0.0682916 0.0559467 0.0469825 0.0737763 0.0552489 0.0532087 0.0632704 0.0569908 0.0469825 0.0560699 0.0692946 0.0834699 0.0825373 0.0469825 0.0469825 0.0469825 0.0469825 
208 0.185979 0.0431465 0.0399148 0.0399148 0.0481812 0.0521527 0.0477248 0.0499231 0.0703023 0.0490022 0.062227 0.0764023 0.0754697 0.0399148 0.0399148 0.0399148 0.0399148 
209 0.0479378 0.0511694 0.0580132 0.0479378 0.0562042 0.0491339 0.0557478 0.0579461 0.0479378 0.0570252 0.0702499 0.0844252 0.113719 0.0479378 0.0479378 0.0587398 0.0479378 
210 0.951632 0 0.0136156 0 0 0 0 1.21139e-08 0 1.24734e-08 0.0277107 0.0039871 0.00305453 0 0 0 0 
211 0.0379391 0.0411708 0.0572754 0.0379391 0.0462055 0.0391352 0.0574613 0.0479474 0.129311 0.057173 0.099889 0.0744266 0.12237 0.0379391 0.0379391 0.0379391 0.0379391 
212 0.976891 0 0 0.00526263 0 0 0 1.099e-08 0 1.1515e-08 0 0.0123627 0.00548394 0 0 0 0 
213 0.0416032 0.0448348 0.0865795 0.0416032 0.0498696 0.0427993 0.0494132 0.0516115 0.143759 0.0506906 0.0755749 0.0780906 0.0771581 0.0416032 0.0416032 0.0416032 0.0416032 
214 0.0586756 0.0634986 0.049129 0.049129 0.0573953 0.050325 0.0569389 0.0591372 0.059298 0.0582164 0.0714411 0.0856164 0.0846838 0.049129 0.049129 0.049129 0.049129 
215 0.0298845 0.0331161 0.0843171 0.0298845 0.0381509 0.0310806 0.0659166 0.0398928 0.0298845 0.0389719 0.317311 0.0663719 0.0756792 0.0298845 0.0298845 0.0298845 0.0298845 
216 0.0638458 0.057938 0.0494966 0.0494966 0.057763 0.0506927 0.0573066 0.0595049 0.0494966 0.058584 0.0768528 0.0859841 0.0850515 0.0494966 0.0494966 0.0494966 0.0494966 
217 0.0464176 0.0349183 0.192792 0.0316867 0.0773785 0.110109 0.0394967 0.0416949 0.0316867 0.0407741 0.059266 0.0681741 0.0988592 0.0316867 0.0316867 0.0316867 0.0316867 
218 0.0809348 0.0512569 0.0480253 0.0480253 0.0631102 0.0492214 0.0558353 0.0580336 0.0528127 0.0571127 0.0703374 0.0845127 0.0835801 0.0480253 0.0480253 0.0531257 0.0480253 
219 0.0161883 0.0194199 0.0248113 0.0161883 0.0244547 0.0173844 0.0239983 0.0261965 0.0354104 0.0252757 0.601501 0.0526757 0.0517431 0.0161883 0.0161883 0.0161883 0.0161883 
220 0.0820863 0.0466254 0.0433937 0.0896848 0.0950288 0.0445898 0.0512037 0.053402 0.0433937 0.0524811 0.0657059 0.0798812 0.0789486 0.0433937 0.0433937 0.0433937 0.0433937 
221 0.074678 0.0437006 0.0464161 0.040469 0.0487354 0.128532 0.048279 0.0582686 0.040469 0.0495564 0.0627812 0.0769564 0.108081 0.040469 0.040469 0.0516705 0.040469 
222 0.0327921 0.0313529 0.0281213 0.0281213 0.0363877 0.0293174 0.0359313 0.0381295 0.296649 0.0372087 0.0504334 0.0646087 0.0901556 0.0281213 0.0281213 0.116428 0.0281213 
223 0.064577 0.0361864 0.0329548 0.0676256 0.0412212 0.269034 0.0454029 0.0429631 0.0329548 0.0420422 0.0552669 0.0694422 0.0685096 0.0329548 0.0329548 0.0329548 0.0329548 
224 0.00618109 0.0094127 0.046742 0.00618109 0.0144475 0.0934642 0.0139911 0.0217025 0.355838 0.0152685 0.307642 0.0426685 0.0417359 0.00618109 0.00618109 0.00618109 0.00618109 
225 0.105067 0.0234799 0.0202483 0.0202483 0.0374674 0.0214443 0.0280582 0.0302565 0.027984 0.0293356 0.0858956 0.085479 0.322783 0.0941753 0.0202483 0.0202483 0.0275812 
226 0.0549612 0.0512162 0.0564279 0.0479846 0.056251 0.0491807 0.0557946 0.0579928 0.0535906 0.057072 0.0702967 0.084472 0.112822 0.0479846 0.0479846 0.0479846 0.0479846 
227 0.0644548 0.0482751 0.0520109 0.0450435 0.0533099 0.0554015 0.0528535 0.0550517 0.0450435 0.0541309 0.0673556 0.0815309 0.13764 0.0450435 0.0450435 0.0527682 0.0450435 
228 0.0777729 0.0478379 0.0446063 0.0446063 0.0528726 0.0780104 0.0524162 0.0546145 0.0446063 0.0536936 0.081209 0.109168 0.0801611 0.0446063 0.0446063 0.0446063 0.0446063 
229 0.0441744 0.0561996 0.0593486 0.0681373 0.0524408 0.0502209 0.0858797 0.067982 0.0441744 0.0678669 0.0664866 0.0806618 0.0797293 0.0441744 0.0441744 0.0441744 0.0441744 
230 0.0827297 0.0392245 0.058515 0.0432356 0.0442593 0.101182 0.0438029 0.0460012 0.0359929 0.0450803 0.161557 0.0724803 0.0715477 0.0464124 0.0359929 0.0359929 0.0359929 
231 0.385835 0.027302 0.0240704 0.0887983 0.0323368 0.0252665 0.0447094 0.0340787 0.0415974 0.0331578 0.0463826 0.0605579 0.0596253 0.0240704 0.0240704 0.0240704 0.0240704 
232 0.169494 0.0213888 0.0507311 0.0181572 0.0765241 0.0193533 0.0259672 0.0281655 0.134331 0.0272446 0.0745973 0.0642167 0.191194 0.0441637 0.0181572 0.0181572 0.0181572 
233 0.0580524 0.0543469 0.0464233 0.0464233 0.0546897 0.0811041 0.0542333 0.0564315 0.0464233 0.0555107 0.0776973 0.0829107 0.0869466 0.0464233 0.0464233 0.0595374 0.0464233 
234 0.0472891 0.0678377 0.0701639 0.0639283 0.0555555 0.0484852 0.0550991 0.0572974 0.0472891 0.0563765 0.0749011 0.0837766 0.082844 0.0472891 0.0472891 0.0472891 0.0472891 
235 0.0514612 0.0442284 0.172453 0.0458472 0.0492632 0.0421929 0.0488068 0.051005 0.0409968 0.0500842 0.0633089 0.0774842 0.0931193 0.0409968 0.0409968 0.0467586 0.0409968 
